187
174  38   178  36
187
218  37   222  37
187
615  39   620  39
187
631  36   636  36
187
654  31   659  31
187
665  33   647  38
187
120  45   124  43
187
205  49   209  47
187
236  49   240  47
187
260  48   264  47
187
292  44   296  43
187
48  58   52  52
187
156  51   160  49
187
176  59   180  55
187
222  54   226  52
187
280  57   283  57
187
49  62   52  52
187
57  66   61  64
187
169  64   173  62
187
177  66   180  63
187
218  63   222  62
187
249  63   250  63
187
253  63   606  323
187
115  72   119  70
187
234  72   238  71
187
34  81   38  79
187
50  86   54  83
187
213  88   217  87
187
254  89   257  87
187
624  88   629  88
187
666  83   671  84
187
198  97   202  95
187
200  96   202  95
187
220  96   224  94
187
592  99   596  99
187
607  98   611  98
187
617  92   622  92
187
36  105   40  103
187
61  104   64  101
187
114  103   116  102
187
143  105   146  103
187
252  107   257  105
187
335  109   339  108
187
347  109   351  108
187
400  101   404  100
187
431  101   434  101
187
604  100   608  101
187
57  116   61  114
187
61  114   64  101
187
120  111   51  129
187
180  116   182  115
187
316  119   320  119
187
420  113   424  112
187
151  128   154  127
187
196  126   199  125
187
256  129   259  127
187
47  131   51  129
187
153  130   174  120
187
209  134   212  133
187
216  136   220  134
187
227  139   231  140
187
256  135   259  133
187
271  139   274  137
187
284  137   288  136
187
291  134   294  133
187
516  138   520  138
187
64  140   67  139
187
199  140   203  139
187
221  142   224  141
187
252  149   255  147
187
483  146   486  146
187
495  143   39  220
187
502  146   506  146
187
527  144   679  199
187
59  155   63  153
187
100  156   103  153
187
117  157   121  155
187
153  158   156  157
187
185  154   189  152
187
254  150   259  151
187
37  161   40  159
187
140  166   147  162
187
224  167   228  166
187
230  165   233  164
187
587  163   404  100
187
616  175   620  177
187
71  180   75  178
187
103  181   107  179
187
69  194   70  192
187
656  197   659  31
187
666  199   670  200
187
674  198   679  199
187
36  219   40  216
187
71  212   75  210
187
379  216   383  215
187
497  212   501  212
187
564  219   568  220
187
590  217   594  217
187
608  212   612  213
187
666  219   670  220
187
362  228   366  228
187
518  225   522  225
187
539  220   543  220
187
620  225   624  225
187
40  230   43  228
187
56  230   60  228
187
65  230   71  228
187
208  238   212  236
187
216  238   590  170
187
257  232   261  231
187
510  230   514  230
187
606  237   611  238
187
620  232   624  232
187
119  244   121  240
187
124  240   128  238
187
421  242   425  242
187
473  244   477  244
187
549  241   553  242
187
592  243   596  242
187
606  240   610  241
187
124  255   127  252
187
132  256   136  254
187
163  255   167  253
187
170  254   173  252
187
409  250   412  249
187
445  254   448  254
187
472  257   476  256
187
516  250   520  250
187
549  257   553  257
187
597  254   601  255
187
626  252   630  252
187
136  261   140  259
187
161  267   167  265
187
183  264   187  262
187
202  260   205  259
187
216  264   219  262
187
229  261   232  259
187
256  264   259  263
187
261  267   264  265
187
387  262   390  261
187
611  266   615  266
187
644  267   648  268
187
652  268   656  269
187
672  263   676  264
187
684  267   688  268
187
142  273   146  271
187
268  275   270  272
187
563  279   567  279
187
586  276   590  276
187
630  278   634  279
187
667  276   671  277
187
676  270   680  271
187
387  282   395  281
187
457  281   461  280
187
551  288   554  289
187
587  285   591  285
187
673  289   677  291
187
144  295   154  290
187
151  292   154  290
187
174  293   568  220
187
187  293   194  292
187
229  293   236  292
187
231  293   236  292
187
400  292   404  292
187
563  297   567  297
187
574  295   578  295
187
631  296   635  296
187
313  305   316  304
187
331  309   335  308
187
408  307   272  144
187
627  300   631  300
187
640  305   644  306
187
660  302   664  303
187
145  310   148  308
187
383  314   386  314
187
621  310   625  311
187
648  314   652  315
187
663  311   667  312
187
180  339   185  337
187
192  335   196  333
187
224  336   227  334
187
294  335   298  334
187
89  343   93  341
187
219  358   223  356
187
249  364   251  362
187
90  375   647  38
187
262  389   265  388
187
174  38   178  36
187
218  37   222  37
187
615  39   620  39
187
631  36   636  36
187
654  31   659  31
187
665  33   647  38
187
120  45   124  43
187
205  49   209  47
187
236  49   240  47
187
260  48   264  47
187
292  44   296  43
187
48  58   52  52
187
156  51   160  49
187
176  59   180  55
187
222  54   226  52
187
280  57   283  57
187
49  62   52  52
187
57  66   61  64
187
169  64   173  62
187
177  66   180  63
187
218  63   222  62
187
249  63   250  63
187
253  63   606  323
187
115  72   119  70
187
234  72   238  71
187
34  81   38  79
187
50  86   54  83
187
213  88   217  87
187
254  89   257  87
187
624  88   629  88
187
666  83   671  84
187
198  97   202  95
187
200  96   202  95
187
220  96   224  94
187
592  99   596  99
187
607  98   611  98
187
617  92   622  92
187
36  105   40  103
187
61  104   64  101
187
114  103   116  102
187
143  105   146  103
187
252  107   257  105
187
335  109   339  108
187
347  109   351  108
187
400  101   404  100
187
431  101   434  101
187
604  100   608  101
187
57  116   61  114
187
61  114   64  101
187
120  111   51  129
187
180  116   182  115
187
316  119   320  119
187
420  113   424  112
187
151  128   154  127
187
196  126   199  125
187
256  129   259  127
187
47  131   51  129
187
153  130   174  120
187
209  134   212  133
187
216  136   220  134
187
227  139   231  140
187
256  135   259  133
187
271  139   274  137
187
284  137   288  136
187
291  134   294  133
187
516  138   520  138
187
64  140   67  139
187
199  140   203  139
187
221  142   224  141
187
252  149   255  147
187
483  146   486  146
187
495  143   39  220
187
502  146   506  146
187
527  144   679  199
187
59  155   63  153
187
100  156   103  153
187
117  157   121  155
187
153  158   156  157
187
185  154   189  152
187
254  150   259  151
187
37  161   40  159
187
140  166   147  162
187
224  167   228  166
187
230  165   233  164
187
587  163   404  100
187
616  175   620  177
187
71  180   75  178
187
103  181   107  179
187
69  194   70  192
187
656  197   659  31
187
666  199   670  200
187
674  198   679  199
187
36  219   40  216
187
71  212   75  210
187
379  216   383  215
187
497  212   501  212
187
564  219   568  220
187
590  217   594  217
187
608  212   612  213
187
666  219   670  220
187
362  228   366  228
187
518  225   522  225
187
539  220   543  220
187
620  225   624  225
187
40  230   43  228
187
56  230   60  228
187
65  230   71  228
187
208  238   212  236
187
216  238   590  170
187
257  232   261  231
187
510  230   514  230
187
606  237   611  238
187
620  232   624  232
187
119  244   121  240
187
124  240   128  238
187
421  242   425  242
187
473  244   477  244
187
549  241   553  242
187
592  243   596  242
187
606  240   610  241
187
124  255   127  252
187
132  256   136  254
187
163  255   167  253
187
170  254   173  252
187
409  250   412  249
187
445  254   448  254
187
472  257   476  256
187
516  250   520  250
187
549  257   553  257
187
597  254   601  255
187
626  252   630  252
187
136  261   140  259
187
161  267   167  265
187
183  264   187  262
187
202  260   205  259
187
216  264   219  262
187
229  261   232  259
187
256  264   259  263
187
261  267   264  265
187
387  262   390  261
187
611  266   615  266
187
644  267   648  268
187
652  268   656  269
187
672  263   676  264
187
684  267   688  268
187
142  273   146  271
187
268  275   270  272
187
563  279   567  279
187
586  276   590  276
187
630  278   634  279
187
667  276   671  277
187
676  270   680  271
187
387  282   395  281
187
457  281   461  280
187
551  288   554  289
187
587  285   591  285
187
673  289   677  291
187
144  295   154  290
187
151  292   154  290
187
174  293   568  220
187
187  293   194  292
187
229  293   236  292
187
231  293   236  292
187
400  292   404  292
187
563  297   567  297
187
574  295   578  295
187
631  296   635  296
187
313  305   316  304
187
331  309   335  308
187
408  307   272  144
187
627  300   631  300
187
640  305   644  306
187
660  302   664  303
187
145  310   148  308
187
383  314   386  314
187
621  310   625  311
187
648  314   652  315
187
663  311   667  312
187
180  339   185  337
187
192  335   196  333
187
224  336   227  334
187
294  335   298  334
187
89  343   93  341
187
219  358   223  356
187
249  364   251  362
187
90  375   647  38
187
262  389   265  388
187
174  38   178  36
187
218  37   222  37
187
615  39   620  39
187
631  36   636  36
187
654  31   659  31
187
665  33   647  38
187
120  45   124  43
187
205  49   209  47
187
236  49   240  47
187
260  48   264  47
187
292  44   296  43
187
48  58   52  52
187
156  51   160  49
187
176  59   180  55
187
222  54   226  52
187
280  57   283  57
187
49  62   52  52
187
57  66   61  64
187
169  64   173  62
187
177  66   180  63
187
218  63   222  62
187
249  63   250  63
187
253  63   606  323
187
115  72   119  70
187
234  72   238  71
187
34  81   38  79
187
50  86   54  83
187
213  88   217  87
187
254  89   257  87
187
624  88   629  88
187
666  83   671  84
187
198  97   202  95
187
200  96   202  95
187
220  96   224  94
187
592  99   596  99
187
607  98   611  98
187
617  92   622  92
187
36  105   40  103
187
61  104   64  101
187
114  103   116  102
187
143  105   146  103
187
252  107   257  105
187
335  109   339  108
187
347  109   351  108
187
400  101   404  100
187
431  101   434  101
187
604  100   608  101
187
57  116   61  114
187
61  114   64  101
187
120  111   51  129
187
180  116   182  115
187
316  119   320  119
187
420  113   424  112
187
151  128   154  127
187
196  126   199  125
187
256  129   259  127
187
47  131   51  129
187
153  130   174  120
187
209  134   212  133
187
216  136   220  134
187
227  139   231  140
187
256  135   259  133
187
271  139   274  137
187
284  137   288  136
187
291  134   294  133
187
516  138   520  138
187
64  140   67  139
187
199  140   203  139
187
221  142   224  141
187
252  149   255  147
187
483  146   486  146
187
495  143   39  220
187
502  146   506  146
187
527  144   679  199
187
59  155   63  153
187
100  156   103  153
187
117  157   121  155
187
153  158   156  157
187
185  154   189  152
187
254  150   259  151
187
37  161   40  159
187
140  166   147  162
187
224  167   228  166
187
230  165   233  164
187
587  163   404  100
187
616  175   620  177
187
71  180   75  178
187
103  181   107  179
187
69  194   70  192
187
656  197   659  31
187
666  199   670  200
187
674  198   679  199
187
36  219   40  216
187
71  212   75  210
187
379  216   383  215
187
497  212   501  212
187
564  219   568  220
187
590  217   594  217
187
608  212   612  213
187
666  219   670  220
187
362  228   366  228
187
518  225   522  225
187
539  220   543  220
187
620  225   624  225
187
40  230   43  228
187
56  230   60  228
187
65  230   71  228
187
208  238   212  236
187
216  238   590  170
187
257  232   261  231
187
510  230   514  230
187
606  237   611  238
187
620  232   624  232
187
119  244   121  240
187
124  240   128  238
187
421  242   425  242
187
473  244   477  244
187
549  241   553  242
187
592  243   596  242
187
606  240   610  241
187
124  255   127  252
187
132  256   136  254
187
163  255   167  253
187
170  254   173  252
187
409  250   412  249
187
445  254   448  254
187
472  257   476  256
187
516  250   520  250
187
549  257   553  257
187
597  254   601  255
187
626  252   630  252
187
136  261   140  259
187
161  267   167  265
187
183  264   187  262
187
202  260   205  259
187
216  264   219  262
187
229  261   232  259
187
256  264   259  263
187
261  267   264  265
187
387  262   390  261
187
611  266   615  266
187
644  267   648  268
187
652  268   656  269
187
672  263   676  264
187
684  267   688  268
187
142  273   146  271
187
268  275   270  272
187
563  279   567  279
187
586  276   590  276
187
630  278   634  279
187
667  276   671  277
187
676  270   680  271
187
387  282   395  281
187
457  281   461  280
187
551  288   554  289
187
587  285   591  285
187
673  289   677  291
187
144  295   154  290
187
151  292   154  290
187
174  293   568  220
187
187  293   194  292
187
229  293   236  292
187
231  293   236  292
187
400  292   404  292
187
563  297   567  297
187
574  295   578  295
187
631  296   635  296
187
313  305   316  304
187
331  309   335  308
187
408  307   272  144
187
627  300   631  300
187
640  305   644  306
187
660  302   664  303
187
145  310   148  308
187
383  314   386  314
187
621  310   625  311
187
648  314   652  315
187
663  311   667  312
187
180  339   185  337
187
192  335   196  333
187
224  336   227  334
187
294  335   298  334
187
89  343   93  341
187
219  358   223  356
187
249  364   251  362
187
90  375   647  38
187
262  389   265  388
187
174  38   178  36
187
218  37   222  37
187
615  39   620  39
187
631  36   636  36
187
654  31   659  31
187
665  33   647  38
187
120  45   124  43
187
205  49   209  47
187
236  49   240  47
187
260  48   264  47
187
292  44   296  43
187
48  58   52  52
187
156  51   160  49
187
176  59   180  55
187
222  54   226  52
187
280  57   283  57
187
49  62   52  52
187
57  66   61  64
187
169  64   173  62
187
177  66   180  63
187
218  63   222  62
187
249  63   250  63
187
253  63   606  323
187
115  72   119  70
187
234  72   238  71
187
34  81   38  79
187
50  86   54  83
187
213  88   217  87
187
254  89   257  87
187
624  88   629  88
187
666  83   671  84
187
198  97   202  95
187
200  96   202  95
187
220  96   224  94
187
592  99   596  99
187
607  98   611  98
187
617  92   622  92
187
36  105   40  103
187
61  104   64  101
187
114  103   116  102
187
143  105   146  103
187
252  107   257  105
187
335  109   339  108
187
347  109   351  108
187
400  101   404  100
187
431  101   434  101
187
604  100   608  101
187
57  116   61  114
187
61  114   64  101
187
120  111   51  129
187
180  116   182  115
187
316  119   320  119
187
420  113   424  112
187
151  128   154  127
187
196  126   199  125
187
256  129   259  127
187
47  131   51  129
187
153  130   174  120
187
209  134   212  133
187
216  136   220  134
187
227  139   231  140
187
256  135   259  133
187
271  139   274  137
187
284  137   288  136
187
291  134   294  133
187
516  138   520  138
187
64  140   67  139
187
199  140   203  139
187
221  142   224  141
187
252  149   255  147
187
483  146   486  146
187
495  143   39  220
187
502  146   506  146
187
527  144   679  199
187
59  155   63  153
187
100  156   103  153
187
117  157   121  155
187
153  158   156  157
187
185  154   189  152
187
254  150   259  151
187
37  161   40  159
187
140  166   147  162
187
224  167   228  166
187
230  165   233  164
187
587  163   404  100
187
616  175   620  177
187
71  180   75  178
187
103  181   107  179
187
69  194   70  192
187
656  197   659  31
187
666  199   670  200
187
674  198   679  199
187
36  219   40  216
187
71  212   75  210
187
379  216   383  215
187
497  212   501  212
187
564  219   568  220
187
590  217   594  217
187
608  212   612  213
187
666  219   670  220
187
362  228   366  228
187
518  225   522  225
187
539  220   543  220
187
620  225   624  225
187
40  230   43  228
187
56  230   60  228
187
65  230   71  228
187
208  238   212  236
187
216  238   590  170
187
257  232   261  231
187
510  230   514  230
187
606  237   611  238
187
620  232   624  232
187
119  244   121  240
187
124  240   128  238
187
421  242   425  242
187
473  244   477  244
187
549  241   553  242
187
592  243   596  242
187
606  240   610  241
187
124  255   127  252
187
132  256   136  254
187
163  255   167  253
187
170  254   173  252
187
409  250   412  249
187
445  254   448  254
187
472  257   476  256
187
516  250   520  250
187
549  257   553  257
187
597  254   601  255
187
626  252   630  252
187
136  261   140  259
187
161  267   167  265
187
183  264   187  262
187
202  260   205  259
187
216  264   219  262
187
229  261   232  259
187
256  264   259  263
187
261  267   264  265
187
387  262   390  261
187
611  266   615  266
187
644  267   648  268
187
652  268   656  269
187
672  263   676  264
187
684  267   688  268
187
142  273   146  271
187
268  275   270  272
187
563  279   567  279
187
586  276   590  276
187
630  278   634  279
187
667  276   671  277
187
676  270   680  271
187
387  282   395  281
187
457  281   461  280
187
551  288   554  289
187
587  285   591  285
187
673  289   677  291
187
144  295   154  290
187
151  292   154  290
187
174  293   568  220
187
187  293   194  292
187
229  293   236  292
187
231  293   236  292
187
400  292   404  292
187
563  297   567  297
187
574  295   578  295
187
631  296   635  296
187
313  305   316  304
187
331  309   335  308
187
408  307   272  144
187
627  300   631  300
187
640  305   644  306
187
660  302   664  303
187
145  310   148  308
187
383  314   386  314
187
621  310   625  311
187
648  314   652  315
187
663  311   667  312
187
180  339   185  337
187
192  335   196  333
187
224  336   227  334
187
294  335   298  334
187
89  343   93  341
187
219  358   223  356
187
249  364   251  362
187
90  375   647  38
187
262  389   265  388
187
174  38   178  36
187
218  37   222  37
187
615  39   620  39
187
631  36   636  36
187
654  31   659  31
187
665  33   647  38
187
120  45   124  43
187
205  49   209  47
187
236  49   240  47
187
260  48   264  47
187
292  44   296  43
187
48  58   52  52
187
156  51   160  49
187
176  59   180  55
187
222  54   226  52
187
280  57   283  57
187
49  62   52  52
187
57  66   61  64
187
169  64   173  62
187
177  66   180  63
187
218  63   222  62
187
249  63   250  63
187
253  63   606  323
187
115  72   119  70
187
234  72   238  71
187
34  81   38  79
187
50  86   54  83
187
213  88   217  87
187
254  89   257  87
187
624  88   629  88
187
666  83   671  84
187
198  97   202  95
187
200  96   202  95
187
220  96   224  94
187
592  99   596  99
187
607  98   611  98
187
617  92   622  92
187
36  105   40  103
187
61  104   64  101
187
114  103   116  102
187
143  105   146  103
187
252  107   257  105
187
335  109   339  108
187
347  109   351  108
187
400  101   404  100
187
431  101   434  101
187
604  100   608  101
187
57  116   61  114
187
61  114   64  101
187
120  111   51  129
187
180  116   182  115
187
316  119   320  119
187
420  113   424  112
187
151  128   154  127
187
196  126   199  125
187
256  129   259  127
187
47  131   51  129
187
153  130   174  120
187
209  134   212  133
187
216  136   220  134
187
227  139   231  140
187
256  135   259  133
187
271  139   274  137
187
284  137   288  136
187
291  134   294  133
187
516  138   520  138
187
64  140   67  139
187
199  140   203  139
187
221  142   224  141
187
252  149   255  147
187
483  146   486  146
187
495  143   39  220
187
502  146   506  146
187
527  144   679  199
187
59  155   63  153
187
100  156   103  153
187
117  157   121  155
187
153  158   156  157
187
185  154   189  152
187
254  150   259  151
187
37  161   40  159
187
140  166   147  162
187
224  167   228  166
187
230  165   233  164
187
587  163   404  100
187
616  175   620  177
187
71  180   75  178
187
103  181   107  179
187
69  194   70  192
187
656  197   659  31
187
666  199   670  200
187
674  198   679  199
187
36  219   40  216
187
71  212   75  210
187
379  216   383  215
187
497  212   501  212
187
564  219   568  220
187
590  217   594  217
187
608  212   612  213
187
666  219   670  220
187
362  228   366  228
187
518  225   522  225
187
539  220   543  220
187
620  225   624  225
187
40  230   43  228
187
56  230   60  228
187
65  230   71  228
187
208  238   212  236
187
216  238   590  170
187
257  232   261  231
187
510  230   514  230
187
606  237   611  238
187
620  232   624  232
187
119  244   121  240
187
124  240   128  238
187
421  242   425  242
187
473  244   477  244
187
549  241   553  242
187
592  243   596  242
187
606  240   610  241
187
124  255   127  252
187
132  256   136  254
187
163  255   167  253
187
170  254   173  252
187
409  250   412  249
187
445  254   448  254
187
472  257   476  256
187
516  250   520  250
187
549  257   553  257
187
597  254   601  255
187
626  252   630  252
187
136  261   140  259
187
161  267   167  265
187
183  264   187  262
187
202  260   205  259
187
216  264   219  262
187
229  261   232  259
187
256  264   259  263
187
261  267   264  265
187
387  262   390  261
187
611  266   615  266
187
644  267   648  268
187
652  268   656  269
187
672  263   676  264
187
684  267   688  268
187
142  273   146  271
187
268  275   270  272
187
563  279   567  279
187
586  276   590  276
187
630  278   634  279
187
667  276   671  277
187
676  270   680  271
187
387  282   395  281
187
457  281   461  280
187
551  288   554  289
187
587  285   591  285
187
673  289   677  291
187
144  295   154  290
187
151  292   154  290
187
174  293   568  220
187
187  293   194  292
187
229  293   236  292
187
231  293   236  292
187
400  292   404  292
187
563  297   567  297
187
574  295   578  295
187
631  296   635  296
187
313  305   316  304
187
331  309   335  308
187
408  307   272  144
187
627  300   631  300
187
640  305   644  306
187
660  302   664  303
187
145  310   148  308
187
383  314   386  314
187
621  310   625  311
187
648  314   652  315
187
663  311   667  312
187
180  339   185  337
187
192  335   196  333
187
224  336   227  334
187
294  335   298  334
187
89  343   93  341
187
219  358   223  356
187
249  364   251  362
187
90  375   647  38
187
262  389   265  388
187
174  38   178  36
187
218  37   222  37
187
615  39   620  39
187
631  36   636  36
187
654  31   659  31
187
665  33   647  38
187
120  45   124  43
187
205  49   209  47
187
236  49   240  47
187
260  48   264  47
187
292  44   296  43
187
48  58   52  52
187
156  51   160  49
187
176  59   180  55
187
222  54   226  52
187
280  57   283  57
187
49  62   52  52
187
57  66   61  64
187
169  64   173  62
187
177  66   180  63
187
218  63   222  62
187
249  63   250  63
187
253  63   606  323
187
115  72   119  70
187
234  72   238  71
187
34  81   38  79
187
50  86   54  83
187
213  88   217  87
187
254  89   257  87
187
624  88   629  88
187
666  83   671  84
187
198  97   202  95
187
200  96   202  95
187
220  96   224  94
187
592  99   596  99
187
607  98   611  98
187
617  92   622  92
187
36  105   40  103
187
61  104   64  101
187
114  103   116  102
187
143  105   146  103
187
252  107   257  105
187
335  109   339  108
187
347  109   351  108
187
400  101   404  100
187
431  101   434  101
187
604  100   608  101
187
57  116   61  114
187
61  114   64  101
187
120  111   51  129
187
180  116   182  115
187
316  119   320  119
187
420  113   424  112
187
151  128   154  127
187
196  126   199  125
187
256  129   259  127
187
47  131   51  129
187
153  130   174  120
187
209  134   212  133
187
216  136   220  134
187
227  139   231  140
187
256  135   259  133
187
271  139   274  137
187
284  137   288  136
187
291  134   294  133
187
516  138   520  138
187
64  140   67  139
187
199  140   203  139
187
221  142   224  141
187
252  149   255  147
187
483  146   486  146
187
495  143   39  220
187
502  146   506  146
187
527  144   679  199
187
59  155   63  153
187
100  156   103  153
187
117  157   121  155
187
153  158   156  157
187
185  154   189  152
187
254  150   259  151
187
37  161   40  159
187
140  166   147  162
187
224  167   228  166
187
230  165   233  164
187
587  163   404  100
187
616  175   620  177
187
71  180   75  178
187
103  181   107  179
187
69  194   70  192
187
656  197   659  31
187
666  199   670  200
187
674  198   679  199
187
36  219   40  216
187
71  212   75  210
187
379  216   383  215
187
497  212   501  212
187
564  219   568  220
187
590  217   594  217
187
608  212   612  213
187
666  219   670  220
187
362  228   366  228
187
518  225   522  225
187
539  220   543  220
187
620  225   624  225
187
40  230   43  228
187
56  230   60  228
187
65  230   71  228
187
208  238   212  236
187
216  238   590  170
187
257  232   261  231
187
510  230   514  230
187
606  237   611  238
187
620  232   624  232
187
119  244   121  240
187
124  240   128  238
187
421  242   425  242
187
473  244   477  244
187
549  241   553  242
187
592  243   596  242
187
606  240   610  241
187
124  255   127  252
187
132  256   136  254
187
163  255   167  253
187
170  254   173  252
187
409  250   412  249
187
445  254   448  254
187
472  257   476  256
187
516  250   520  250
187
549  257   553  257
187
597  254   601  255
187
626  252   630  252
187
136  261   140  259
187
161  267   167  265
187
183  264   187  262
187
202  260   205  259
187
216  264   219  262
187
229  261   232  259
187
256  264   259  263
187
261  267   264  265
187
387  262   390  261
187
611  266   615  266
187
644  267   648  268
187
652  268   656  269
187
672  263   676  264
187
684  267   688  268
187
142  273   146  271
187
268  275   270  272
187
563  279   567  279
187
586  276   590  276
187
630  278   634  279
187
667  276   671  277
187
676  270   680  271
187
387  282   395  281
187
457  281   461  280
187
551  288   554  289
187
587  285   591  285
187
673  289   677  291
187
144  295   154  290
187
151  292   154  290
187
174  293   568  220
187
187  293   194  292
187
229  293   236  292
187
231  293   236  292
187
400  292   404  292
187
563  297   567  297
187
574  295   578  295
187
631  296   635  296
187
313  305   316  304
187
331  309   335  308
187
408  307   272  144
187
627  300   631  300
187
640  305   644  306
187
660  302   664  303
187
145  310   148  308
187
383  314   386  314
187
621  310   625  311
187
648  314   652  315
187
663  311   667  312
187
180  339   185  337
187
192  335   196  333
187
224  336   227  334
187
294  335   298  334
187
89  343   93  341
187
219  358   223  356
187
249  364   251  362
187
90  375   647  38
187
262  389   265  388
187
174  38   178  36
187
218  37   222  37
187
615  39   620  39
187
631  36   636  36
187
654  31   659  31
187
665  33   647  38
187
120  45   124  43
187
205  49   209  47
187
236  49   240  47
187
260  48   264  47
187
292  44   296  43
187
48  58   52  52
187
156  51   160  49
187
176  59   180  55
187
222  54   226  52
187
280  57   283  57
187
49  62   52  52
187
57  66   61  64
187
169  64   173  62
187
177  66   180  63
187
218  63   222  62
187
249  63   250  63
187
253  63   606  323
187
115  72   119  70
187
234  72   238  71
187
34  81   38  79
187
50  86   54  83
187
213  88   217  87
187
254  89   257  87
187
624  88   629  88
187
666  83   671  84
187
198  97   202  95
187
200  96   202  95
187
220  96   224  94
187
592  99   596  99
187
607  98   611  98
187
617  92   622  92
187
36  105   40  103
187
61  104   64  101
187
114  103   116  102
187
143  105   146  103
187
252  107   257  105
187
335  109   339  108
187
347  109   351  108
187
400  101   404  100
187
431  101   434  101
187
604  100   608  101
187
57  116   61  114
187
61  114   64  101
187
120  111   51  129
187
180  116   182  115
187
316  119   320  119
187
420  113   424  112
187
151  128   154  127
187
196  126   199  125
187
256  129   259  127
187
47  131   51  129
187
153  130   174  120
187
209  134   212  133
187
216  136   220  134
187
227  139   231  140
187
256  135   259  133
187
271  139   274  137
187
284  137   288  136
187
291  134   294  133
187
516  138   520  138
187
64  140   67  139
187
199  140   203  139
187
221  142   224  141
187
252  149   255  147
187
483  146   486  146
187
495  143   39  220
187
502  146   506  146
187
527  144   679  199
187
59  155   63  153
187
100  156   103  153
187
117  157   121  155
187
153  158   156  157
187
185  154   189  152
187
254  150   259  151
187
37  161   40  159
187
140  166   147  162
187
224  167   228  166
187
230  165   233  164
187
587  163   404  100
187
616  175   620  177
187
71  180   75  178
187
103  181   107  179
187
69  194   70  192
187
656  197   659  31
187
666  199   670  200
187
674  198   679  199
187
36  219   40  216
187
71  212   75  210
187
379  216   383  215
187
497  212   501  212
187
564  219   568  220
187
590  217   594  217
187
608  212   612  213
187
666  219   670  220
187
362  228   366  228
187
518  225   522  225
187
539  220   543  220
187
620  225   624  225
187
40  230   43  228
187
56  230   60  228
187
65  230   71  228
187
208  238   212  236
187
216  238   590  170
187
257  232   261  231
187
510  230   514  230
187
606  237   611  238
187
620  232   624  232
187
119  244   121  240
187
124  240   128  238
187
421  242   425  242
187
473  244   477  244
187
549  241   553  242
187
592  243   596  242
187
606  240   610  241
187
124  255   127  252
187
132  256   136  254
187
163  255   167  253
187
170  254   173  252
187
409  250   412  249
187
445  254   448  254
187
472  257   476  256
187
516  250   520  250
187
549  257   553  257
187
597  254   601  255
187
626  252   630  252
187
136  261   140  259
187
161  267   167  265
187
183  264   187  262
187
202  260   205  259
187
216  264   219  262
187
229  261   232  259
187
256  264   259  263
187
261  267   264  265
187
387  262   390  261
187
611  266   615  266
187
644  267   648  268
187
652  268   656  269
187
672  263   676  264
187
684  267   688  268
187
142  273   146  271
187
268  275   270  272
187
563  279   567  279
187
586  276   590  276
187
630  278   634  279
187
667  276   671  277
187
676  270   680  271
187
387  282   395  281
187
457  281   461  280
187
551  288   554  289
187
587  285   591  285
187
673  289   677  291
187
144  295   154  290
187
151  292   154  290
187
174  293   568  220
187
187  293   194  292
187
229  293   236  292
187
231  293   236  292
187
400  292   404  292
187
563  297   567  297
187
574  295   578  295
187
631  296   635  296
187
313  305   316  304
187
331  309   335  308
187
408  307   272  144
187
627  300   631  300
187
640  305   644  306
187
660  302   664  303
187
145  310   148  308
187
383  314   386  314
187
621  310   625  311
187
648  314   652  315
187
663  311   667  312
187
180  339   185  337
187
192  335   196  333
187
224  336   227  334
187
294  335   298  334
187
89  343   93  341
187
219  358   223  356
187
249  364   251  362
187
90  375   647  38
187
262  389   265  388
187
174  38   178  36
187
218  37   222  37
187
615  39   620  39
187
631  36   636  36
187
654  31   659  31
187
665  33   647  38
187
120  45   124  43
187
205  49   209  47
187
236  49   240  47
187
260  48   264  47
187
292  44   296  43
187
48  58   52  52
187
156  51   160  49
187
176  59   180  55
187
222  54   226  52
187
280  57   283  57
187
49  62   52  52
187
57  66   61  64
187
169  64   173  62
187
177  66   180  63
187
218  63   222  62
187
249  63   250  63
187
253  63   606  323
187
115  72   119  70
187
234  72   238  71
187
34  81   38  79
187
50  86   54  83
187
213  88   217  87
187
254  89   257  87
187
624  88   629  88
187
666  83   671  84
187
198  97   202  95
187
200  96   202  95
187
220  96   224  94
187
592  99   596  99
187
607  98   611  98
187
617  92   622  92
187
36  105   40  103
187
61  104   64  101
187
114  103   116  102
187
143  105   146  103
187
252  107   257  105
187
335  109   339  108
187
347  109   351  108
187
400  101   404  100
187
431  101   434  101
187
604  100   608  101
187
57  116   61  114
187
61  114   64  101
187
120  111   51  129
187
180  116   182  115
187
316  119   320  119
187
420  113   424  112
187
151  128   154  127
187
196  126   199  125
187
256  129   259  127
187
47  131   51  129
187
153  130   174  120
187
209  134   212  133
187
216  136   220  134
187
227  139   231  140
187
256  135   259  133
187
271  139   274  137
187
284  137   288  136
187
291  134   294  133
187
516  138   520  138
187
64  140   67  139
187
199  140   203  139
187
221  142   224  141
187
252  149   255  147
187
483  146   486  146
187
495  143   39  220
187
502  146   506  146
187
527  144   679  199
187
59  155   63  153
187
100  156   103  153
187
117  157   121  155
187
153  158   156  157
187
185  154   189  152
187
254  150   259  151
187
37  161   40  159
187
140  166   147  162
187
224  167   228  166
187
230  165   233  164
187
587  163   404  100
187
616  175   620  177
187
71  180   75  178
187
103  181   107  179
187
69  194   70  192
187
656  197   659  31
187
666  199   670  200
187
674  198   679  199
187
36  219   40  216
187
71  212   75  210
187
379  216   383  215
187
497  212   501  212
187
564  219   568  220
187
590  217   594  217
187
608  212   612  213
187
666  219   670  220
187
362  228   366  228
187
518  225   522  225
187
539  220   543  220
187
620  225   624  225
187
40  230   43  228
187
56  230   60  228
187
65  230   71  228
187
208  238   212  236
187
216  238   590  170
187
257  232   261  231
187
510  230   514  230
187
606  237   611  238
187
620  232   624  232
187
119  244   121  240
187
124  240   128  238
187
421  242   425  242
187
473  244   477  244
187
549  241   553  242
187
592  243   596  242
187
606  240   610  241
187
124  255   127  252
187
132  256   136  254
187
163  255   167  253
187
170  254   173  252
187
409  250   412  249
187
445  254   448  254
187
472  257   476  256
187
516  250   520  250
187
549  257   553  257
187
597  254   601  255
187
626  252   630  252
187
136  261   140  259
187
161  267   167  265
187
183  264   187  262
187
202  260   205  259
187
216  264   219  262
187
229  261   232  259
187
256  264   259  263
187
261  267   264  265
187
387  262   390  261
187
611  266   615  266
187
644  267   648  268
187
652  268   656  269
187
672  263   676  264
187
684  267   688  268
187
142  273   146  271
187
268  275   270  272
187
563  279   567  279
187
586  276   590  276
187
630  278   634  279
187
667  276   671  277
187
676  270   680  271
187
387  282   395  281
187
457  281   461  280
187
551  288   554  289
187
587  285   591  285
187
673  289   677  291
187
144  295   154  290
187
151  292   154  290
187
174  293   568  220
187
187  293   194  292
187
229  293   236  292
187
231  293   236  292
187
400  292   404  292
187
563  297   567  297
187
574  295   578  295
187
631  296   635  296
187
313  305   316  304
187
331  309   335  308
187
408  307   272  144
187
627  300   631  300
187
640  305   644  306
187
660  302   664  303
187
145  310   148  308
187
383  314   386  314
187
621  310   625  311
187
648  314   652  315
187
663  311   667  312
187
180  339   185  337
187
192  335   196  333
187
224  336   227  334
187
294  335   298  334
187
89  343   93  341
187
219  358   223  356
187
249  364   251  362
187
90  375   647  38
187
262  389   265  388
187
174  38   178  36
187
218  37   222  37
187
615  39   620  39
187
631  36   636  36
187
654  31   659  31
187
665  33   647  38
187
120  45   124  43
187
205  49   209  47
187
236  49   240  47
187
260  48   264  47
187
292  44   296  43
187
48  58   52  52
187
156  51   160  49
187
176  59   180  55
187
222  54   226  52
187
280  57   283  57
187
49  62   52  52
187
57  66   61  64
187
169  64   173  62
187
177  66   180  63
187
218  63   222  62
187
249  63   250  63
187
253  63   606  323
187
115  72   119  70
187
234  72   238  71
187
34  81   38  79
187
50  86   54  83
187
213  88   217  87
187
254  89   257  87
187
624  88   629  88
187
666  83   671  84
187
198  97   202  95
187
200  96   202  95
187
220  96   224  94
187
592  99   596  99
187
607  98   611  98
187
617  92   622  92
187
36  105   40  103
187
61  104   64  101
187
114  103   116  102
187
143  105   146  103
187
252  107   257  105
187
335  109   339  108
187
347  109   351  108
187
400  101   404  100
187
431  101   434  101
187
604  100   608  101
187
57  116   61  114
187
61  114   64  101
187
120  111   51  129
187
180  116   182  115
187
316  119   320  119
187
420  113   424  112
187
151  128   154  127
187
196  126   199  125
187
256  129   259  127
187
47  131   51  129
187
153  130   174  120
187
209  134   212  133
187
216  136   220  134
187
227  139   231  140
187
256  135   259  133
187
271  139   274  137
187
284  137   288  136
187
291  134   294  133
187
516  138   520  138
187
64  140   67  139
187
199  140   203  139
187
221  142   224  141
187
252  149   255  147
187
483  146   486  146
187
495  143   39  220
187
502  146   506  146
187
527  144   679  199
187
59  155   63  153
187
100  156   103  153
187
117  157   121  155
187
153  158   156  157
187
185  154   189  152
187
254  150   259  151
187
37  161   40  159
187
140  166   147  162
187
224  167   228  166
187
230  165   233  164
187
587  163   404  100
187
616  175   620  177
187
71  180   75  178
187
103  181   107  179
187
69  194   70  192
187
656  197   659  31
187
666  199   670  200
187
674  198   679  199
187
36  219   40  216
187
71  212   75  210
187
379  216   383  215
187
497  212   501  212
187
564  219   568  220
187
590  217   594  217
187
608  212   612  213
187
666  219   670  220
187
362  228   366  228
187
518  225   522  225
187
539  220   543  220
187
620  225   624  225
187
40  230   43  228
187
56  230   60  228
187
65  230   71  228
187
208  238   212  236
187
216  238   590  170
187
257  232   261  231
187
510  230   514  230
187
606  237   611  238
187
620  232   624  232
187
119  244   121  240
187
124  240   128  238
187
421  242   425  242
187
473  244   477  244
187
549  241   553  242
187
592  243   596  242
187
606  240   610  241
187
124  255   127  252
187
132  256   136  254
187
163  255   167  253
187
170  254   173  252
187
409  250   412  249
187
445  254   448  254
187
472  257   476  256
187
516  250   520  250
187
549  257   553  257
187
597  254   601  255
187
626  252   630  252
187
136  261   140  259
187
161  267   167  265
187
183  264   187  262
187
202  260   205  259
187
216  264   219  262
187
229  261   232  259
187
256  264   259  263
187
261  267   264  265
187
387  262   390  261
187
611  266   615  266
187
644  267   648  268
187
652  268   656  269
187
672  263   676  264
187
684  267   688  268
187
142  273   146  271
187
268  275   270  272
187
563  279   567  279
187
586  276   590  276
187
630  278   634  279
187
667  276   671  277
187
676  270   680  271
187
387  282   395  281
187
457  281   461  280
187
551  288   554  289
187
587  285   591  285
187
673  289   677  291
187
144  295   154  290
187
151  292   154  290
187
174  293   568  220
187
187  293   194  292
187
229  293   236  292
187
231  293   236  292
187
400  292   404  292
187
563  297   567  297
187
574  295   578  295
187
631  296   635  296
187
313  305   316  304
187
331  309   335  308
187
408  307   272  144
187
627  300   631  300
187
640  305   644  306
187
660  302   664  303
187
145  310   148  308
187
383  314   386  314
187
621  310   625  311
187
648  314   652  315
187
663  311   667  312
187
180  339   185  337
187
192  335   196  333
187
224  336   227  334
187
294  335   298  334
187
89  343   93  341
187
219  358   223  356
187
249  364   251  362
187
90  375   647  38
187
262  389   265  388
187
174  38   178  36
187
218  37   222  37
187
615  39   620  39
187
631  36   636  36
187
654  31   659  31
187
665  33   647  38
187
120  45   124  43
187
205  49   209  47
187
236  49   240  47
187
260  48   264  47
187
292  44   296  43
187
48  58   52  52
187
156  51   160  49
187
176  59   180  55
187
222  54   226  52
187
280  57   283  57
187
49  62   52  52
187
57  66   61  64
187
169  64   173  62
187
177  66   180  63
187
218  63   222  62
187
249  63   250  63
187
253  63   606  323
187
115  72   119  70
187
234  72   238  71
187
34  81   38  79
187
50  86   54  83
187
213  88   217  87
187
254  89   257  87
187
624  88   629  88
187
666  83   671  84
187
198  97   202  95
187
200  96   202  95
187
220  96   224  94
187
592  99   596  99
187
607  98   611  98
187
617  92   622  92
187
36  105   40  103
187
61  104   64  101
187
114  103   116  102
187
143  105   146  103
187
252  107   257  105
187
335  109   339  108
187
347  109   351  108
187
400  101   404  100
187
431  101   434  101
187
604  100   608  101
187
57  116   61  114
187
61  114   64  101
187
120  111   51  129
187
180  116   182  115
187
316  119   320  119
187
420  113   424  112
187
151  128   154  127
187
196  126   199  125
187
256  129   259  127
187
47  131   51  129
187
153  130   174  120
187
209  134   212  133
187
216  136   220  134
187
227  139   231  140
187
256  135   259  133
187
271  139   274  137
187
284  137   288  136
187
291  134   294  133
187
516  138   520  138
187
64  140   67  139
187
199  140   203  139
187
221  142   224  141
187
252  149   255  147
187
483  146   486  146
187
495  143   39  220
187
502  146   506  146
187
527  144   679  199
187
59  155   63  153
187
100  156   103  153
187
117  157   121  155
187
153  158   156  157
187
185  154   189  152
187
254  150   259  151
187
37  161   40  159
187
140  166   147  162
187
224  167   228  166
187
230  165   233  164
187
587  163   404  100
187
616  175   620  177
187
71  180   75  178
187
103  181   107  179
187
69  194   70  192
187
656  197   659  31
187
666  199   670  200
187
674  198   679  199
187
36  219   40  216
187
71  212   75  210
187
379  216   383  215
187
497  212   501  212
187
564  219   568  220
187
590  217   594  217
187
608  212   612  213
187
666  219   670  220
187
362  228   366  228
187
518  225   522  225
187
539  220   543  220
187
620  225   624  225
187
40  230   43  228
187
56  230   60  228
187
65  230   71  228
187
208  238   212  236
187
216  238   590  170
187
257  232   261  231
187
510  230   514  230
187
606  237   611  238
187
620  232   624  232
187
119  244   121  240
187
124  240   128  238
187
421  242   425  242
187
473  244   477  244
187
549  241   553  242
187
592  243   596  242
187
606  240   610  241
187
124  255   127  252
187
132  256   136  254
187
163  255   167  253
187
170  254   173  252
187
409  250   412  249
187
445  254   448  254
187
472  257   476  256
187
516  250   520  250
187
549  257   553  257
187
597  254   601  255
187
626  252   630  252
187
136  261   140  259
187
161  267   167  265
187
183  264   187  262
187
202  260   205  259
187
216  264   219  262
187
229  261   232  259
187
256  264   259  263
187
261  267   264  265
187
387  262   390  261
187
611  266   615  266
187
644  267   648  268
187
652  268   656  269
187
672  263   676  264
187
684  267   688  268
187
142  273   146  271
187
268  275   270  272
187
563  279   567  279
187
586  276   590  276
187
630  278   634  279
187
667  276   671  277
187
676  270   680  271
187
387  282   395  281
187
457  281   461  280
187
551  288   554  289
187
587  285   591  285
187
673  289   677  291
187
144  295   154  290
187
151  292   154  290
187
174  293   568  220
187
187  293   194  292
187
229  293   236  292
187
231  293   236  292
187
400  292   404  292
187
563  297   567  297
187
574  295   578  295
187
631  296   635  296
187
313  305   316  304
187
331  309   335  308
187
408  307   272  144
187
627  300   631  300
187
640  305   644  306
187
660  302   664  303
187
145  310   148  308
187
383  314   386  314
187
621  310   625  311
187
648  314   652  315
187
663  311   667  312
187
180  339   185  337
187
192  335   196  333
187
224  336   227  334
187
294  335   298  334
187
89  343   93  341
187
219  358   223  356
187
249  364   251  362
187
90  375   647  38
187
262  389   265  388
187
174  38   178  36
187
218  37   222  37
187
615  39   620  39
187
631  36   636  36
187
654  31   659  31
187
665  33   647  38
187
120  45   124  43
187
205  49   209  47
187
236  49   240  47
187
260  48   264  47
187
292  44   296  43
187
48  58   52  52
187
156  51   160  49
187
176  59   180  55
187
222  54   226  52
187
280  57   283  57
187
49  62   52  52
187
57  66   61  64
187
169  64   173  62
187
177  66   180  63
187
218  63   222  62
187
249  63   250  63
187
253  63   606  323
187
115  72   119  70
187
234  72   238  71
187
34  81   38  79
187
50  86   54  83
187
213  88   217  87
187
254  89   257  87
187
624  88   629  88
187
666  83   671  84
187
198  97   202  95
187
200  96   202  95
187
220  96   224  94
187
592  99   596  99
187
607  98   611  98
187
617  92   622  92
187
36  105   40  103
187
61  104   64  101
187
114  103   116  102
187
143  105   146  103
187
252  107   257  105
187
335  109   339  108
187
347  109   351  108
187
400  101   404  100
187
431  101   434  101
187
604  100   608  101
187
57  116   61  114
187
61  114   64  101
187
120  111   51  129
187
180  116   182  115
187
316  119   320  119
187
420  113   424  112
187
151  128   154  127
187
196  126   199  125
187
256  129   259  127
187
47  131   51  129
187
153  130   174  120
187
209  134   212  133
187
216  136   220  134
187
227  139   231  140
187
256  135   259  133
187
271  139   274  137
187
284  137   288  136
187
291  134   294  133
187
516  138   520  138
187
64  140   67  139
187
199  140   203  139
187
221  142   224  141
187
252  149   255  147
187
483  146   486  146
187
495  143   39  220
187
502  146   506  146
187
527  144   679  199
187
59  155   63  153
187
100  156   103  153
187
117  157   121  155
187
153  158   156  157
187
185  154   189  152
187
254  150   259  151
187
37  161   40  159
187
140  166   147  162
187
224  167   228  166
187
230  165   233  164
187
587  163   404  100
187
616  175   620  177
187
71  180   75  178
187
103  181   107  179
187
69  194   70  192
187
656  197   659  31
187
666  199   670  200
187
674  198   679  199
187
36  219   40  216
187
71  212   75  210
187
379  216   383  215
187
497  212   501  212
187
564  219   568  220
187
590  217   594  217
187
608  212   612  213
187
666  219   670  220
187
362  228   366  228
187
518  225   522  225
187
539  220   543  220
187
620  225   624  225
187
40  230   43  228
187
56  230   60  228
187
65  230   71  228
187
208  238   212  236
187
216  238   590  170
187
257  232   261  231
187
510  230   514  230
187
606  237   611  238
187
620  232   624  232
187
119  244   121  240
187
124  240   128  238
187
421  242   425  242
187
473  244   477  244
187
549  241   553  242
187
592  243   596  242
187
606  240   610  241
187
124  255   127  252
187
132  256   136  254
187
163  255   167  253
187
170  254   173  252
187
409  250   412  249
187
445  254   448  254
187
472  257   476  256
187
516  250   520  250
187
549  257   553  257
187
597  254   601  255
187
626  252   630  252
187
136  261   140  259
187
161  267   167  265
187
183  264   187  262
187
202  260   205  259
187
216  264   219  262
187
229  261   232  259
187
256  264   259  263
187
261  267   264  265
187
387  262   390  261
187
611  266   615  266
187
644  267   648  268
187
652  268   656  269
187
672  263   676  264
187
684  267   688  268
187
142  273   146  271
187
268  275   270  272
187
563  279   567  279
187
586  276   590  276
187
630  278   634  279
187
667  276   671  277
187
676  270   680  271
187
387  282   395  281
187
457  281   461  280
187
551  288   554  289
187
587  285   591  285
187
673  289   677  291
187
144  295   154  290
187
151  292   154  290
187
174  293   568  220
187
187  293   194  292
187
229  293   236  292
187
231  293   236  292
187
400  292   404  292
187
563  297   567  297
187
574  295   578  295
187
631  296   635  296
187
313  305   316  304
187
331  309   335  308
187
408  307   272  144
187
627  300   631  300
187
640  305   644  306
187
660  302   664  303
187
145  310   148  308
187
383  314   386  314
187
621  310   625  311
187
648  314   652  315
187
663  311   667  312
187
180  339   185  337
187
192  335   196  333
187
224  336   227  334
187
294  335   298  334
187
89  343   93  341
187
219  358   223  356
187
249  364   251  362
187
90  375   647  38
187
262  389   265  388
187
174  38   178  36
187
218  37   222  37
187
615  39   620  39
187
631  36   636  36
187
654  31   659  31
187
665  33   647  38
187
120  45   124  43
187
205  49   209  47
187
236  49   240  47
187
260  48   264  47
187
292  44   296  43
187
48  58   52  52
187
156  51   160  49
187
176  59   180  55
187
222  54   226  52
187
280  57   283  57
187
49  62   52  52
187
57  66   61  64
187
169  64   173  62
187
177  66   180  63
187
218  63   222  62
187
249  63   250  63
187
253  63   606  323
187
115  72   119  70
187
234  72   238  71
187
34  81   38  79
187
50  86   54  83
187
213  88   217  87
187
254  89   257  87
187
624  88   629  88
187
666  83   671  84
187
198  97   202  95
187
200  96   202  95
187
220  96   224  94
187
592  99   596  99
187
607  98   611  98
187
617  92   622  92
187
36  105   40  103
187
61  104   64  101
187
114  103   116  102
187
143  105   146  103
187
252  107   257  105
187
335  109   339  108
187
347  109   351  108
187
400  101   404  100
187
431  101   434  101
187
604  100   608  101
187
57  116   61  114
187
61  114   64  101
187
120  111   51  129
187
180  116   182  115
187
316  119   320  119
187
420  113   424  112
187
151  128   154  127
187
196  126   199  125
187
256  129   259  127
187
47  131   51  129
187
153  130   174  120
187
209  134   212  133
187
216  136   220  134
187
227  139   231  140
187
256  135   259  133
187
271  139   274  137
187
284  137   288  136
187
291  134   294  133
187
516  138   520  138
187
64  140   67  139
187
199  140   203  139
187
221  142   224  141
187
252  149   255  147
187
483  146   486  146
187
495  143   39  220
187
502  146   506  146
187
527  144   679  199
187
59  155   63  153
187
100  156   103  153
187
117  157   121  155
187
153  158   156  157
187
185  154   189  152
187
254  150   259  151
187
37  161   40  159
187
140  166   147  162
187
224  167   228  166
187
230  165   233  164
187
587  163   404  100
187
616  175   620  177
187
71  180   75  178
187
103  181   107  179
187
69  194   70  192
187
656  197   659  31
187
666  199   670  200
187
674  198   679  199
187
36  219   40  216
187
71  212   75  210
187
379  216   383  215
187
497  212   501  212
187
564  219   568  220
187
590  217   594  217
187
608  212   612  213
187
666  219   670  220
187
362  228   366  228
187
518  225   522  225
187
539  220   543  220
187
620  225   624  225
187
40  230   43  228
187
56  230   60  228
187
65  230   71  228
187
208  238   212  236
187
216  238   590  170
187
257  232   261  231
187
510  230   514  230
187
606  237   611  238
187
620  232   624  232
187
119  244   121  240
187
124  240   128  238
187
421  242   425  242
187
473  244   477  244
187
549  241   553  242
187
592  243   596  242
187
606  240   610  241
187
124  255   127  252
187
132  256   136  254
187
163  255   167  253
187
170  254   173  252
187
409  250   412  249
187
445  254   448  254
187
472  257   476  256
187
516  250   520  250
187
549  257   553  257
187
597  254   601  255
187
626  252   630  252
187
136  261   140  259
187
161  267   167  265
187
183  264   187  262
187
202  260   205  259
187
216  264   219  262
187
229  261   232  259
187
256  264   259  263
187
261  267   264  265
187
387  262   390  261
187
611  266   615  266
187
644  267   648  268
187
652  268   656  269
187
672  263   676  264
187
684  267   688  268
187
142  273   146  271
187
268  275   270  272
187
563  279   567  279
187
586  276   590  276
187
630  278   634  279
187
667  276   671  277
187
676  270   680  271
187
387  282   395  281
187
457  281   461  280
187
551  288   554  289
187
587  285   591  285
187
673  289   677  291
187
144  295   154  290
187
151  292   154  290
187
174  293   568  220
187
187  293   194  292
187
229  293   236  292
187
231  293   236  292
187
400  292   404  292
187
563  297   567  297
187
574  295   578  295
187
631  296   635  296
187
313  305   316  304
187
331  309   335  308
187
408  307   272  144
187
627  300   631  300
187
640  305   644  306
187
660  302   664  303
187
145  310   148  308
187
383  314   386  314
187
621  310   625  311
187
648  314   652  315
187
663  311   667  312
187
180  339   185  337
187
192  335   196  333
187
224  336   227  334
187
294  335   298  334
187
89  343   93  341
187
219  358   223  356
187
249  364   251  362
187
90  375   647  38
187
262  389   265  388
187
174  38   178  36
187
218  37   222  37
187
615  39   620  39
187
631  36   636  36
187
654  31   659  31
187
665  33   647  38
187
120  45   124  43
187
205  49   209  47
187
236  49   240  47
187
260  48   264  47
187
292  44   296  43
187
48  58   52  52
187
156  51   160  49
187
176  59   180  55
187
222  54   226  52
187
280  57   283  57
187
49  62   52  52
187
57  66   61  64
187
169  64   173  62
187
177  66   180  63
187
218  63   222  62
187
249  63   250  63
187
253  63   606  323
187
115  72   119  70
187
234  72   238  71
187
34  81   38  79
187
50  86   54  83
187
213  88   217  87
187
254  89   257  87
187
624  88   629  88
187
666  83   671  84
187
198  97   202  95
187
200  96   202  95
187
220  96   224  94
187
592  99   596  99
187
607  98   611  98
187
617  92   622  92
187
36  105   40  103
187
61  104   64  101
187
114  103   116  102
187
143  105   146  103
187
252  107   257  105
187
335  109   339  108
187
347  109   351  108
187
400  101   404  100
187
431  101   434  101
187
604  100   608  101
187
57  116   61  114
187
61  114   64  101
187
120  111   51  129
187
180  116   182  115
187
316  119   320  119
187
420  113   424  112
187
151  128   154  127
187
196  126   199  125
187
256  129   259  127
187
47  131   51  129
187
153  130   174  120
187
209  134   212  133
187
216  136   220  134
187
227  139   231  140
187
256  135   259  133
187
271  139   274  137
187
284  137   288  136
187
291  134   294  133
187
516  138   520  138
187
64  140   67  139
187
199  140   203  139
187
221  142   224  141
187
252  149   255  147
187
483  146   486  146
187
495  143   39  220
187
502  146   506  146
187
527  144   679  199
187
59  155   63  153
187
100  156   103  153
187
117  157   121  155
187
153  158   156  157
187
185  154   189  152
187
254  150   259  151
187
37  161   40  159
187
140  166   147  162
187
224  167   228  166
187
230  165   233  164
187
587  163   404  100
187
616  175   620  177
187
71  180   75  178
187
103  181   107  179
187
69  194   70  192
187
656  197   659  31
187
666  199   670  200
187
674  198   679  199
187
36  219   40  216
187
71  212   75  210
187
379  216   383  215
187
497  212   501  212
187
564  219   568  220
187
590  217   594  217
187
608  212   612  213
187
666  219   670  220
187
362  228   366  228
187
518  225   522  225
187
539  220   543  220
187
620  225   624  225
187
40  230   43  228
187
56  230   60  228
187
65  230   71  228
187
208  238   212  236
187
216  238   590  170
187
257  232   261  231
187
510  230   514  230
187
606  237   611  238
187
620  232   624  232
187
119  244   121  240
187
124  240   128  238
187
421  242   425  242
187
473  244   477  244
187
549  241   553  242
187
592  243   596  242
187
606  240   610  241
187
124  255   127  252
187
132  256   136  254
187
163  255   167  253
187
170  254   173  252
187
409  250   412  249
187
445  254   448  254
187
472  257   476  256
187
516  250   520  250
187
549  257   553  257
187
597  254   601  255
187
626  252   630  252
187
136  261   140  259
187
161  267   167  265
187
183  264   187  262
187
202  260   205  259
187
216  264   219  262
187
229  261   232  259
187
256  264   259  263
187
261  267   264  265
187
387  262   390  261
187
611  266   615  266
187
644  267   648  268
187
652  268   656  269
187
672  263   676  264
187
684  267   688  268
187
142  273   146  271
187
268  275   270  272
187
563  279   567  279
187
586  276   590  276
187
630  278   634  279
187
667  276   671  277
187
676  270   680  271
187
387  282   395  281
187
457  281   461  280
187
551  288   554  289
187
587  285   591  285
187
673  289   677  291
187
144  295   154  290
187
151  292   154  290
187
174  293   568  220
187
187  293   194  292
187
229  293   236  292
187
231  293   236  292
187
400  292   404  292
187
563  297   567  297
187
574  295   578  295
187
631  296   635  296
187
313  305   316  304
187
331  309   335  308
187
408  307   272  144
187
627  300   631  300
187
640  305   644  306
187
660  302   664  303
187
145  310   148  308
187
383  314   386  314
187
621  310   625  311
187
648  314   652  315
187
663  311   667  312
187
180  339   185  337
187
192  335   196  333
187
224  336   227  334
187
294  335   298  334
187
89  343   93  341
187
219  358   223  356
187
249  364   251  362
187
90  375   647  38
187
262  389   265  388
187
174  38   178  36
187
218  37   222  37
187
615  39   620  39
187
631  36   636  36
187
654  31   659  31
187
665  33   647  38
187
120  45   124  43
187
205  49   209  47
187
236  49   240  47
187
260  48   264  47
187
292  44   296  43
187
48  58   52  52
187
156  51   160  49
187
176  59   180  55
187
222  54   226  52
187
280  57   283  57
187
49  62   52  52
187
57  66   61  64
187
169  64   173  62
187
177  66   180  63
187
218  63   222  62
187
249  63   250  63
187
253  63   606  323
187
115  72   119  70
187
234  72   238  71
187
34  81   38  79
187
50  86   54  83
187
213  88   217  87
187
254  89   257  87
187
624  88   629  88
187
666  83   671  84
187
198  97   202  95
187
200  96   202  95
187
220  96   224  94
187
592  99   596  99
187
607  98   611  98
187
617  92   622  92
187
36  105   40  103
187
61  104   64  101
187
114  103   116  102
187
143  105   146  103
187
252  107   257  105
187
335  109   339  108
187
347  109   351  108
187
400  101   404  100
187
431  101   434  101
187
604  100   608  101
187
57  116   61  114
187
61  114   64  101
187
120  111   51  129
187
180  116   182  115
187
316  119   320  119
187
420  113   424  112
187
151  128   154  127
187
196  126   199  125
187
256  129   259  127
187
47  131   51  129
187
153  130   174  120
187
209  134   212  133
187
216  136   220  134
187
227  139   231  140
187
256  135   259  133
187
271  139   274  137
187
284  137   288  136
187
291  134   294  133
187
516  138   520  138
187
64  140   67  139
187
199  140   203  139
187
221  142   224  141
187
252  149   255  147
187
483  146   486  146
187
495  143   39  220
187
502  146   506  146
187
527  144   679  199
187
59  155   63  153
187
100  156   103  153
187
117  157   121  155
187
153  158   156  157
187
185  154   189  152
187
254  150   259  151
187
37  161   40  159
187
140  166   147  162
187
224  167   228  166
187
230  165   233  164
187
587  163   404  100
187
616  175   620  177
187
71  180   75  178
187
103  181   107  179
187
69  194   70  192
187
656  197   659  31
187
666  199   670  200
187
674  198   679  199
187
36  219   40  216
187
71  212   75  210
187
379  216   383  215
187
497  212   501  212
187
564  219   568  220
187
590  217   594  217
187
608  212   612  213
187
666  219   670  220
187
362  228   366  228
187
518  225   522  225
187
539  220   543  220
187
620  225   624  225
187
40  230   43  228
187
56  230   60  228
187
65  230   71  228
187
208  238   212  236
187
216  238   590  170
187
257  232   261  231
187
510  230   514  230
187
606  237   611  238
187
620  232   624  232
187
119  244   121  240
187
124  240   128  238
187
421  242   425  242
187
473  244   477  244
187
549  241   553  242
187
592  243   596  242
187
606  240   610  241
187
124  255   127  252
187
132  256   136  254
187
163  255   167  253
187
170  254   173  252
187
409  250   412  249
187
445  254   448  254
187
472  257   476  256
187
516  250   520  250
187
549  257   553  257
187
597  254   601  255
187
626  252   630  252
187
136  261   140  259
187
161  267   167  265
187
183  264   187  262
187
202  260   205  259
187
216  264   219  262
187
229  261   232  259
187
256  264   259  263
187
261  267   264  265
187
387  262   390  261
187
611  266   615  266
187
644  267   648  268
187
652  268   656  269
187
672  263   676  264
187
684  267   688  268
187
142  273   146  271
187
268  275   270  272
187
563  279   567  279
187
586  276   590  276
187
630  278   634  279
187
667  276   671  277
187
676  270   680  271
187
387  282   395  281
187
457  281   461  280
187
551  288   554  289
187
587  285   591  285
187
673  289   677  291
187
144  295   154  290
187
151  292   154  290
187
174  293   568  220
187
187  293   194  292
187
229  293   236  292
187
231  293   236  292
187
400  292   404  292
187
563  297   567  297
187
574  295   578  295
187
631  296   635  296
187
313  305   316  304
187
331  309   335  308
187
408  307   272  144
187
627  300   631  300
187
640  305   644  306
187
660  302   664  303
187
145  310   148  308
187
383  314   386  314
187
621  310   625  311
187
648  314   652  315
187
663  311   667  312
187
180  339   185  337
187
192  335   196  333
187
224  336   227  334
187
294  335   298  334
187
89  343   93  341
187
219  358   223  356
187
249  364   251  362
187
90  375   647  38
187
262  389   265  388
187
174  38   178  36
187
218  37   222  37
187
615  39   620  39
187
631  36   636  36
187
654  31   659  31
187
665  33   647  38
187
120  45   124  43
187
205  49   209  47
187
236  49   240  47
187
260  48   264  47
187
292  44   296  43
187
48  58   52  52
187
156  51   160  49
187
176  59   180  55
187
222  54   226  52
187
280  57   283  57
187
49  62   52  52
187
57  66   61  64
187
169  64   173  62
187
177  66   180  63
187
218  63   222  62
187
249  63   250  63
187
253  63   606  323
187
115  72   119  70
187
234  72   238  71
187
34  81   38  79
187
50  86   54  83
187
213  88   217  87
187
254  89   257  87
187
624  88   629  88
187
666  83   671  84
187
198  97   202  95
187
200  96   202  95
187
220  96   224  94
187
592  99   596  99
187
607  98   611  98
187
617  92   622  92
187
36  105   40  103
187
61  104   64  101
187
114  103   116  102
187
143  105   146  103
187
252  107   257  105
187
335  109   339  108
187
347  109   351  108
187
400  101   404  100
187
431  101   434  101
187
604  100   608  101
187
57  116   61  114
187
61  114   64  101
187
120  111   51  129
187
180  116   182  115
187
316  119   320  119
187
420  113   424  112
187
151  128   154  127
187
196  126   199  125
187
256  129   259  127
187
47  131   51  129
187
153  130   174  120
187
209  134   212  133
187
216  136   220  134
187
227  139   231  140
187
256  135   259  133
187
271  139   274  137
187
284  137   288  136
187
291  134   294  133
187
516  138   520  138
187
64  140   67  139
187
199  140   203  139
187
221  142   224  141
187
252  149   255  147
187
483  146   486  146
187
495  143   39  220
187
502  146   506  146
187
527  144   679  199
187
59  155   63  153
187
100  156   103  153
187
117  157   121  155
187
153  158   156  157
187
185  154   189  152
187
254  150   259  151
187
37  161   40  159
187
140  166   147  162
187
224  167   228  166
187
230  165   233  164
187
587  163   404  100
187
616  175   620  177
187
71  180   75  178
187
103  181   107  179
187
69  194   70  192
187
656  197   659  31
187
666  199   670  200
187
674  198   679  199
187
36  219   40  216
187
71  212   75  210
187
379  216   383  215
187
497  212   501  212
187
564  219   568  220
187
590  217   594  217
187
608  212   612  213
187
666  219   670  220
187
362  228   366  228
187
518  225   522  225
187
539  220   543  220
187
620  225   624  225
187
40  230   43  228
187
56  230   60  228
187
65  230   71  228
187
208  238   212  236
187
216  238   590  170
187
257  232   261  231
187
510  230   514  230
187
606  237   611  238
187
620  232   624  232
187
119  244   121  240
187
124  240   128  238
187
421  242   425  242
187
473  244   477  244
187
549  241   553  242
187
592  243   596  242
187
606  240   610  241
187
124  255   127  252
187
132  256   136  254
187
163  255   167  253
187
170  254   173  252
187
409  250   412  249
187
445  254   448  254
187
472  257   476  256
187
516  250   520  250
187
549  257   553  257
187
597  254   601  255
187
626  252   630  252
187
136  261   140  259
187
161  267   167  265
187
183  264   187  262
187
202  260   205  259
187
216  264   219  262
187
229  261   232  259
187
256  264   259  263
187
261  267   264  265
187
387  262   390  261
187
611  266   615  266
187
644  267   648  268
187
652  268   656  269
187
672  263   676  264
187
684  267   688  268
187
142  273   146  271
187
268  275   270  272
187
563  279   567  279
187
586  276   590  276
187
630  278   634  279
187
667  276   671  277
187
676  270   680  271
187
387  282   395  281
187
457  281   461  280
187
551  288   554  289
187
587  285   591  285
187
673  289   677  291
187
144  295   154  290
187
151  292   154  290
187
174  293   568  220
187
187  293   194  292
187
229  293   236  292
187
231  293   236  292
187
400  292   404  292
187
563  297   567  297
187
574  295   578  295
187
631  296   635  296
187
313  305   316  304
187
331  309   335  308
187
408  307   272  144
187
627  300   631  300
187
640  305   644  306
187
660  302   664  303
187
145  310   148  308
187
383  314   386  314
187
621  310   625  311
187
648  314   652  315
187
663  311   667  312
187
180  339   185  337
187
192  335   196  333
187
224  336   227  334
187
294  335   298  334
187
89  343   93  341
187
219  358   223  356
187
249  364   251  362
187
90  375   647  38
187
262  389   265  388
187
174  38   178  36
187
218  37   222  37
187
615  39   620  39
187
631  36   636  36
187
654  31   659  31
187
665  33   647  38
187
120  45   124  43
187
205  49   209  47
187
236  49   240  47
187
260  48   264  47
187
292  44   296  43
187
48  58   52  52
187
156  51   160  49
187
176  59   180  55
187
222  54   226  52
187
280  57   283  57
187
49  62   52  52
187
57  66   61  64
187
169  64   173  62
187
177  66   180  63
187
218  63   222  62
187
249  63   250  63
187
253  63   606  323
187
115  72   119  70
187
234  72   238  71
187
34  81   38  79
187
50  86   54  83
187
213  88   217  87
187
254  89   257  87
187
624  88   629  88
187
666  83   671  84
187
198  97   202  95
187
200  96   202  95
187
220  96   224  94
187
592  99   596  99
187
607  98   611  98
187
617  92   622  92
187
36  105   40  103
187
61  104   64  101
187
114  103   116  102
187
143  105   146  103
187
252  107   257  105
187
335  109   339  108
187
347  109   351  108
187
400  101   404  100
187
431  101   434  101
187
604  100   608  101
187
57  116   61  114
187
61  114   64  101
187
120  111   51  129
187
180  116   182  115
187
316  119   320  119
187
420  113   424  112
187
151  128   154  127
187
196  126   199  125
187
256  129   259  127
187
47  131   51  129
187
153  130   174  120
187
209  134   212  133
187
216  136   220  134
187
227  139   231  140
187
256  135   259  133
187
271  139   274  137
187
284  137   288  136
187
291  134   294  133
187
516  138   520  138
187
64  140   67  139
187
199  140   203  139
187
221  142   224  141
187
252  149   255  147
187
483  146   486  146
187
495  143   39  220
187
502  146   506  146
187
527  144   679  199
187
59  155   63  153
187
100  156   103  153
187
117  157   121  155
187
153  158   156  157
187
185  154   189  152
187
254  150   259  151
187
37  161   40  159
187
140  166   147  162
187
224  167   228  166
187
230  165   233  164
187
587  163   404  100
187
616  175   620  177
187
71  180   75  178
187
103  181   107  179
187
69  194   70  192
187
656  197   659  31
187
666  199   670  200
187
674  198   679  199
187
36  219   40  216
187
71  212   75  210
187
379  216   383  215
187
497  212   501  212
187
564  219   568  220
187
590  217   594  217
187
608  212   612  213
187
666  219   670  220
187
362  228   366  228
187
518  225   522  225
187
539  220   543  220
187
620  225   624  225
187
40  230   43  228
187
56  230   60  228
187
65  230   71  228
187
208  238   212  236
187
216  238   590  170
187
257  232   261  231
187
510  230   514  230
187
606  237   611  238
187
620  232   624  232
187
119  244   121  240
187
124  240   128  238
187
421  242   425  242
187
473  244   477  244
187
549  241   553  242
187
592  243   596  242
187
606  240   610  241
187
124  255   127  252
187
132  256   136  254
187
163  255   167  253
187
170  254   173  252
187
409  250   412  249
187
445  254   448  254
187
472  257   476  256
187
516  250   520  250
187
549  257   553  257
187
597  254   601  255
187
626  252   630  252
187
136  261   140  259
187
161  267   167  265
187
183  264   187  262
187
202  260   205  259
187
216  264   219  262
187
229  261   232  259
187
256  264   259  263
187
261  267   264  265
187
387  262   390  261
187
611  266   615  266
187
644  267   648  268
187
652  268   656  269
187
672  263   676  264
187
684  267   688  268
187
142  273   146  271
187
268  275   270  272
187
563  279   567  279
187
586  276   590  276
187
630  278   634  279
187
667  276   671  277
187
676  270   680  271
187
387  282   395  281
187
457  281   461  280
187
551  288   554  289
187
587  285   591  285
187
673  289   677  291
187
144  295   154  290
187
151  292   154  290
187
174  293   568  220
187
187  293   194  292
187
229  293   236  292
187
231  293   236  292
187
400  292   404  292
187
563  297   567  297
187
574  295   578  295
187
631  296   635  296
187
313  305   316  304
187
331  309   335  308
187
408  307   272  144
187
627  300   631  300
187
640  305   644  306
187
660  302   664  303
187
145  310   148  308
187
383  314   386  314
187
621  310   625  311
187
648  314   652  315
187
663  311   667  312
187
180  339   185  337
187
192  335   196  333
187
224  336   227  334
187
294  335   298  334
187
89  343   93  341
187
219  358   223  356
187
249  364   251  362
187
90  375   647  38
187
262  389   265  388
187
174  38   178  36
187
218  37   222  37
187
615  39   620  39
187
631  36   636  36
187
654  31   659  31
187
665  33   647  38
187
120  45   124  43
187
205  49   209  47
187
236  49   240  47
187
260  48   264  47
187
292  44   296  43
187
48  58   52  52
187
156  51   160  49
187
176  59   180  55
187
222  54   226  52
187
280  57   283  57
187
49  62   52  52
187
57  66   61  64
187
169  64   173  62
187
177  66   180  63
187
218  63   222  62
187
249  63   250  63
187
253  63   606  323
187
115  72   119  70
187
234  72   238  71
187
34  81   38  79
187
50  86   54  83
187
213  88   217  87
187
254  89   257  87
187
624  88   629  88
187
666  83   671  84
187
198  97   202  95
187
200  96   202  95
187
220  96   224  94
187
592  99   596  99
187
607  98   611  98
187
617  92   622  92
187
36  105   40  103
187
61  104   64  101
187
114  103   116  102
187
143  105   146  103
187
252  107   257  105
187
335  109   339  108
187
347  109   351  108
187
400  101   404  100
187
431  101   434  101
187
604  100   608  101
187
57  116   61  114
187
61  114   64  101
187
120  111   51  129
187
180  116   182  115
187
316  119   320  119
187
420  113   424  112
187
151  128   154  127
187
196  126   199  125
187
256  129   259  127
187
47  131   51  129
187
153  130   174  120
187
209  134   212  133
187
216  136   220  134
187
227  139   231  140
187
256  135   259  133
187
271  139   274  137
187
284  137   288  136
187
291  134   294  133
187
516  138   520  138
187
64  140   67  139
187
199  140   203  139
187
221  142   224  141
187
252  149   255  147
187
483  146   486  146
187
495  143   39  220
187
502  146   506  146
187
527  144   679  199
187
59  155   63  153
187
100  156   103  153
187
117  157   121  155
187
153  158   156  157
187
185  154   189  152
187
254  150   259  151
187
37  161   40  159
187
140  166   147  162
187
224  167   228  166
187
230  165   233  164
187
587  163   404  100
187
616  175   620  177
187
71  180   75  178
187
103  181   107  179
187
69  194   70  192
187
656  197   659  31
187
666  199   670  200
187
674  198   679  199
187
36  219   40  216
187
71  212   75  210
187
379  216   383  215
187
497  212   501  212
187
564  219   568  220
187
590  217   594  217
187
608  212   612  213
187
666  219   670  220
187
362  228   366  228
187
518  225   522  225
187
539  220   543  220
187
620  225   624  225
187
40  230   43  228
187
56  230   60  228
187
65  230   71  228
187
208  238   212  236
187
216  238   590  170
187
257  232   261  231
187
510  230   514  230
187
606  237   611  238
187
620  232   624  232
187
119  244   121  240
187
124  240   128  238
187
421  242   425  242
187
473  244   477  244
187
549  241   553  242
187
592  243   596  242
187
606  240   610  241
187
124  255   127  252
187
132  256   136  254
187
163  255   167  253
187
170  254   173  252
187
409  250   412  249
187
445  254   448  254
187
472  257   476  256
187
516  250   520  250
187
549  257   553  257
187
597  254   601  255
187
626  252   630  252
187
136  261   140  259
187
161  267   167  265
187
183  264   187  262
187
202  260   205  259
187
216  264   219  262
187
229  261   232  259
187
256  264   259  263
187
261  267   264  265
187
387  262   390  261
187
611  266   615  266
187
644  267   648  268
187
652  268   656  269
187
672  263   676  264
187
684  267   688  268
187
142  273   146  271
187
268  275   270  272
187
563  279   567  279
187
586  276   590  276
187
630  278   634  279
187
667  276   671  277
187
676  270   680  271
187
387  282   395  281
187
457  281   461  280
187
551  288   554  289
187
587  285   591  285
187
673  289   677  291
187
144  295   154  290
187
151  292   154  290
187
174  293   568  220
187
187  293   194  292
187
229  293   236  292
187
231  293   236  292
187
400  292   404  292
187
563  297   567  297
187
574  295   578  295
187
631  296   635  296
187
313  305   316  304
187
331  309   335  308
187
408  307   272  144
187
627  300   631  300
187
640  305   644  306
187
660  302   664  303
187
145  310   148  308
187
383  314   386  314
187
621  310   625  311
187
648  314   652  315
187
663  311   667  312
187
180  339   185  337
187
192  335   196  333
187
224  336   227  334
187
294  335   298  334
187
89  343   93  341
187
219  358   223  356
187
249  364   251  362
187
90  375   647  38
187
262  389   265  388
187
174  38   178  36
187
218  37   222  37
187
615  39   620  39
187
631  36   636  36
187
654  31   659  31
187
665  33   647  38
187
120  45   124  43
187
205  49   209  47
187
236  49   240  47
187
260  48   264  47
187
292  44   296  43
187
48  58   52  52
187
156  51   160  49
187
176  59   180  55
187
222  54   226  52
187
280  57   283  57
187
49  62   52  52
187
57  66   61  64
187
169  64   173  62
187
177  66   180  63
187
218  63   222  62
187
249  63   250  63
187
253  63   606  323
187
115  72   119  70
187
234  72   238  71
187
34  81   38  79
187
50  86   54  83
187
213  88   217  87
187
254  89   257  87
187
624  88   629  88
187
666  83   671  84
187
198  97   202  95
187
200  96   202  95
187
220  96   224  94
187
592  99   596  99
187
607  98   611  98
187
617  92   622  92
187
36  105   40  103
187
61  104   64  101
187
114  103   116  102
187
143  105   146  103
187
252  107   257  105
187
335  109   339  108
187
347  109   351  108
187
400  101   404  100
187
431  101   434  101
187
604  100   608  101
187
57  116   61  114
187
61  114   64  101
187
120  111   51  129
187
180  116   182  115
187
316  119   320  119
187
420  113   424  112
187
151  128   154  127
187
196  126   199  125
187
256  129   259  127
187
47  131   51  129
187
153  130   174  120
187
209  134   212  133
187
216  136   220  134
187
227  139   231  140
187
256  135   259  133
187
271  139   274  137
187
284  137   288  136
187
291  134   294  133
187
516  138   520  138
187
64  140   67  139
187
199  140   203  139
187
221  142   224  141
187
252  149   255  147
187
483  146   486  146
187
495  143   39  220
187
502  146   506  146
187
527  144   679  199
187
59  155   63  153
187
100  156   103  153
187
117  157   121  155
187
153  158   156  157
187
185  154   189  152
187
254  150   259  151
187
37  161   40  159
187
140  166   147  162
187
224  167   228  166
187
230  165   233  164
187
587  163   404  100
187
616  175   620  177
187
71  180   75  178
187
103  181   107  179
187
69  194   70  192
187
656  197   659  31
187
666  199   670  200
187
674  198   679  199
187
36  219   40  216
187
71  212   75  210
187
379  216   383  215
187
497  212   501  212
187
564  219   568  220
187
590  217   594  217
187
608  212   612  213
187
666  219   670  220
187
362  228   366  228
187
518  225   522  225
187
539  220   543  220
187
620  225   624  225
187
40  230   43  228
187
56  230   60  228
187
65  230   71  228
187
208  238   212  236
187
216  238   590  170
187
257  232   261  231
187
510  230   514  230
187
606  237   611  238
187
620  232   624  232
187
119  244   121  240
187
124  240   128  238
187
421  242   425  242
187
473  244   477  244
187
549  241   553  242
187
592  243   596  242
187
606  240   610  241
187
124  255   127  252
187
132  256   136  254
187
163  255   167  253
187
170  254   173  252
187
409  250   412  249
187
445  254   448  254
187
472  257   476  256
187
516  250   520  250
187
549  257   553  257
187
597  254   601  255
187
626  252   630  252
187
136  261   140  259
187
161  267   167  265
187
183  264   187  262
187
202  260   205  259
187
216  264   219  262
187
229  261   232  259
187
256  264   259  263
187
261  267   264  265
187
387  262   390  261
187
611  266   615  266
187
644  267   648  268
187
652  268   656  269
187
672  263   676  264
187
684  267   688  268
187
142  273   146  271
187
268  275   270  272
187
563  279   567  279
187
586  276   590  276
187
630  278   634  279
187
667  276   671  277
187
676  270   680  271
187
387  282   395  281
187
457  281   461  280
187
551  288   554  289
187
587  285   591  285
187
673  289   677  291
187
144  295   154  290
187
151  292   154  290
187
174  293   568  220
187
187  293   194  292
187
229  293   236  292
187
231  293   236  292
187
400  292   404  292
187
563  297   567  297
187
574  295   578  295
187
631  296   635  296
187
313  305   316  304
187
331  309   335  308
187
408  307   272  144
187
627  300   631  300
187
640  305   644  306
187
660  302   664  303
187
145  310   148  308
187
383  314   386  314
187
621  310   625  311
187
648  314   652  315
187
663  311   667  312
187
180  339   185  337
187
192  335   196  333
187
224  336   227  334
187
294  335   298  334
187
89  343   93  341
187
219  358   223  356
187
249  364   251  362
187
90  375   647  38
187
262  389   265  388
187
174  38   178  36
187
218  37   222  37
187
615  39   620  39
187
631  36   636  36
187
654  31   659  31
187
665  33   647  38
187
120  45   124  43
187
205  49   209  47
187
236  49   240  47
187
260  48   264  47
187
292  44   296  43
187
48  58   52  52
187
156  51   160  49
187
176  59   180  55
187
222  54   226  52
187
280  57   283  57
187
49  62   52  52
187
57  66   61  64
187
169  64   173  62
187
177  66   180  63
187
218  63   222  62
187
249  63   250  63
187
253  63   606  323
187
115  72   119  70
187
234  72   238  71
187
34  81   38  79
187
50  86   54  83
187
213  88   217  87
187
254  89   257  87
187
624  88   629  88
187
666  83   671  84
187
198  97   202  95
187
200  96   202  95
187
220  96   224  94
187
592  99   596  99
187
607  98   611  98
187
617  92   622  92
187
36  105   40  103
187
61  104   64  101
187
114  103   116  102
187
143  105   146  103
187
252  107   257  105
187
335  109   339  108
187
347  109   351  108
187
400  101   404  100
187
431  101   434  101
187
604  100   608  101
187
57  116   61  114
187
61  114   64  101
187
120  111   51  129
187
180  116   182  115
187
316  119   320  119
187
420  113   424  112
187
151  128   154  127
187
196  126   199  125
187
256  129   259  127
187
47  131   51  129
187
153  130   174  120
187
209  134   212  133
187
216  136   220  134
187
227  139   231  140
187
256  135   259  133
187
271  139   274  137
187
284  137   288  136
187
291  134   294  133
187
516  138   520  138
187
64  140   67  139
187
199  140   203  139
187
221  142   224  141
187
252  149   255  147
187
483  146   486  146
187
495  143   39  220
187
502  146   506  146
187
527  144   679  199
187
59  155   63  153
187
100  156   103  153
187
117  157   121  155
187
153  158   156  157
187
185  154   189  152
187
254  150   259  151
187
37  161   40  159
187
140  166   147  162
187
224  167   228  166
187
230  165   233  164
187
587  163   404  100
187
616  175   620  177
187
71  180   75  178
187
103  181   107  179
187
69  194   70  192
187
656  197   659  31
187
666  199   670  200
187
674  198   679  199
187
36  219   40  216
187
71  212   75  210
187
379  216   383  215
187
497  212   501  212
187
564  219   568  220
187
590  217   594  217
187
608  212   612  213
187
666  219   670  220
187
362  228   366  228
187
518  225   522  225
187
539  220   543  220
187
620  225   624  225
187
40  230   43  228
187
56  230   60  228
187
65  230   71  228
187
208  238   212  236
187
216  238   590  170
187
257  232   261  231
187
510  230   514  230
187
606  237   611  238
187
620  232   624  232
187
119  244   121  240
187
124  240   128  238
187
421  242   425  242
187
473  244   477  244
187
549  241   553  242
187
592  243   596  242
187
606  240   610  241
187
124  255   127  252
187
132  256   136  254
187
163  255   167  253
187
170  254   173  252
187
409  250   412  249
187
445  254   448  254
187
472  257   476  256
187
516  250   520  250
187
549  257   553  257
187
597  254   601  255
187
626  252   630  252
187
136  261   140  259
187
161  267   167  265
187
183  264   187  262
187
202  260   205  259
187
216  264   219  262
187
229  261   232  259
187
256  264   259  263
187
261  267   264  265
187
387  262   390  261
187
611  266   615  266
187
644  267   648  268
187
652  268   656  269
187
672  263   676  264
187
684  267   688  268
187
142  273   146  271
187
268  275   270  272
187
563  279   567  279
187
586  276   590  276
187
630  278   634  279
187
667  276   671  277
187
676  270   680  271
187
387  282   395  281
187
457  281   461  280
187
551  288   554  289
187
587  285   591  285
187
673  289   677  291
187
144  295   154  290
187
151  292   154  290
187
174  293   568  220
187
187  293   194  292
187
229  293   236  292
187
231  293   236  292
187
400  292   404  292
187
563  297   567  297
187
574  295   578  295
187
631  296   635  296
187
313  305   316  304
187
331  309   335  308
187
408  307   272  144
187
627  300   631  300
187
640  305   644  306
187
660  302   664  303
187
145  310   148  308
187
383  314   386  314
187
621  310   625  311
187
648  314   652  315
187
663  311   667  312
187
180  339   185  337
187
192  335   196  333
187
224  336   227  334
187
294  335   298  334
187
89  343   93  341
187
219  358   223  356
187
249  364   251  362
187
90  375   647  38
187
262  389   265  388
187
174  38   178  36
187
218  37   222  37
187
615  39   620  39
187
631  36   636  36
187
654  31   659  31
187
665  33   647  38
187
120  45   124  43
187
205  49   209  47
187
236  49   240  47
187
260  48   264  47
187
292  44   296  43
187
48  58   52  52
187
156  51   160  49
187
176  59   180  55
187
222  54   226  52
187
280  57   283  57
187
49  62   52  52
187
57  66   61  64
187
169  64   173  62
187
177  66   180  63
187
218  63   222  62
187
249  63   250  63
187
253  63   606  323
187
115  72   119  70
187
234  72   238  71
187
34  81   38  79
187
50  86   54  83
187
213  88   217  87
187
254  89   257  87
187
624  88   629  88
187
666  83   671  84
187
198  97   202  95
187
200  96   202  95
187
220  96   224  94
187
592  99   596  99
187
607  98   611  98
187
617  92   622  92
187
36  105   40  103
187
61  104   64  101
187
114  103   116  102
187
143  105   146  103
187
252  107   257  105
187
335  109   339  108
187
347  109   351  108
187
400  101   404  100
187
431  101   434  101
187
604  100   608  101
187
57  116   61  114
187
61  114   64  101
187
120  111   51  129
187
180  116   182  115
187
316  119   320  119
187
420  113   424  112
187
151  128   154  127
187
196  126   199  125
187
256  129   259  127
187
47  131   51  129
187
153  130   174  120
187
209  134   212  133
187
216  136   220  134
187
227  139   231  140
187
256  135   259  133
187
271  139   274  137
187
284  137   288  136
187
291  134   294  133
187
516  138   520  138
187
64  140   67  139
187
199  140   203  139
187
221  142   224  141
187
252  149   255  147
187
483  146   486  146
187
495  143   39  220
187
502  146   506  146
187
527  144   679  199
187
59  155   63  153
187
100  156   103  153
187
117  157   121  155
187
153  158   156  157
187
185  154   189  152
187
254  150   259  151
187
37  161   40  159
187
140  166   147  162
187
224  167   228  166
187
230  165   233  164
187
587  163   404  100
187
616  175   620  177
187
71  180   75  178
187
103  181   107  179
187
69  194   70  192
187
656  197   659  31
187
666  199   670  200
187
674  198   679  199
187
36  219   40  216
187
71  212   75  210
187
379  216   383  215
187
497  212   501  212
187
564  219   568  220
187
590  217   594  217
187
608  212   612  213
187
666  219   670  220
187
362  228   366  228
187
518  225   522  225
187
539  220   543  220
187
620  225   624  225
187
40  230   43  228
187
56  230   60  228
187
65  230   71  228
187
208  238   212  236
187
216  238   590  170
187
257  232   261  231
187
510  230   514  230
187
606  237   611  238
187
620  232   624  232
187
119  244   121  240
187
124  240   128  238
187
421  242   425  242
187
473  244   477  244
187
549  241   553  242
187
592  243   596  242
187
606  240   610  241
187
124  255   127  252
187
132  256   136  254
187
163  255   167  253
187
170  254   173  252
187
409  250   412  249
187
445  254   448  254
187
472  257   476  256
187
516  250   520  250
187
549  257   553  257
187
597  254   601  255
187
626  252   630  252
187
136  261   140  259
187
161  267   167  265
187
183  264   187  262
187
202  260   205  259
187
216  264   219  262
187
229  261   232  259
187
256  264   259  263
187
261  267   264  265
187
387  262   390  261
187
611  266   615  266
187
644  267   648  268
187
652  268   656  269
187
672  263   676  264
187
684  267   688  268
187
142  273   146  271
187
268  275   270  272
187
563  279   567  279
187
586  276   590  276
187
630  278   634  279
187
667  276   671  277
187
676  270   680  271
187
387  282   395  281
187
457  281   461  280
187
551  288   554  289
187
587  285   591  285
187
673  289   677  291
187
144  295   154  290
187
151  292   154  290
187
174  293   568  220
187
187  293   194  292
187
229  293   236  292
187
231  293   236  292
187
400  292   404  292
187
563  297   567  297
187
574  295   578  295
187
631  296   635  296
187
313  305   316  304
187
331  309   335  308
187
408  307   272  144
187
627  300   631  300
187
640  305   644  306
187
660  302   664  303
187
145  310   148  308
187
383  314   386  314
187
621  310   625  311
187
648  314   652  315
187
663  311   667  312
187
180  339   185  337
187
192  335   196  333
187
224  336   227  334
187
294  335   298  334
187
89  343   93  341
187
219  358   223  356
187
249  364   251  362
187
90  375   647  38
187
262  389   265  388
187
174  38   178  36
187
218  37   222  37
187
615  39   620  39
187
631  36   636  36
187
654  31   659  31
187
665  33   647  38
187
120  45   124  43
187
205  49   209  47
187
236  49   240  47
187
260  48   264  47
187
292  44   296  43
187
48  58   52  52
187
156  51   160  49
187
176  59   180  55
187
222  54   226  52
187
280  57   283  57
187
49  62   52  52
187
57  66   61  64
187
169  64   173  62
187
177  66   180  63
187
218  63   222  62
187
249  63   250  63
187
253  63   606  323
187
115  72   119  70
187
234  72   238  71
187
34  81   38  79
187
50  86   54  83
187
213  88   217  87
187
254  89   257  87
187
624  88   629  88
187
666  83   671  84
187
198  97   202  95
187
200  96   202  95
187
220  96   224  94
187
592  99   596  99
187
607  98   611  98
187
617  92   622  92
187
36  105   40  103
187
61  104   64  101
187
114  103   116  102
187
143  105   146  103
187
252  107   257  105
187
335  109   339  108
187
347  109   351  108
187
400  101   404  100
187
431  101   434  101
187
604  100   608  101
187
57  116   61  114
187
61  114   64  101
187
120  111   51  129
187
180  116   182  115
187
316  119   320  119
187
420  113   424  112
187
151  128   154  127
187
196  126   199  125
187
256  129   259  127
187
47  131   51  129
187
153  130   174  120
187
209  134   212  133
187
216  136   220  134
187
227  139   231  140
187
256  135   259  133
187
271  139   274  137
187
284  137   288  136
187
291  134   294  133
187
516  138   520  138
187
64  140   67  139
187
199  140   203  139
187
221  142   224  141
187
252  149   255  147
187
483  146   486  146
187
495  143   39  220
187
502  146   506  146
187
527  144   679  199
187
59  155   63  153
187
100  156   103  153
187
117  157   121  155
187
153  158   156  157
187
185  154   189  152
187
254  150   259  151
187
37  161   40  159
187
140  166   147  162
187
224  167   228  166
187
230  165   233  164
187
587  163   404  100
187
616  175   620  177
187
71  180   75  178
187
103  181   107  179
187
69  194   70  192
187
656  197   659  31
187
666  199   670  200
187
674  198   679  199
187
36  219   40  216
187
71  212   75  210
187
379  216   383  215
187
497  212   501  212
187
564  219   568  220
187
590  217   594  217
187
608  212   612  213
187
666  219   670  220
187
362  228   366  228
187
518  225   522  225
187
539  220   543  220
187
620  225   624  225
187
40  230   43  228
187
56  230   60  228
187
65  230   71  228
187
208  238   212  236
187
216  238   590  170
187
257  232   261  231
187
510  230   514  230
187
606  237   611  238
187
620  232   624  232
187
119  244   121  240
187
124  240   128  238
187
421  242   425  242
187
473  244   477  244
187
549  241   553  242
187
592  243   596  242
187
606  240   610  241
187
124  255   127  252
187
132  256   136  254
187
163  255   167  253
187
170  254   173  252
187
409  250   412  249
187
445  254   448  254
187
472  257   476  256
187
516  250   520  250
187
549  257   553  257
187
597  254   601  255
187
626  252   630  252
187
136  261   140  259
187
161  267   167  265
187
183  264   187  262
187
202  260   205  259
187
216  264   219  262
187
229  261   232  259
187
256  264   259  263
187
261  267   264  265
187
387  262   390  261
187
611  266   615  266
187
644  267   648  268
187
652  268   656  269
187
672  263   676  264
187
684  267   688  268
187
142  273   146  271
187
268  275   270  272
187
563  279   567  279
187
586  276   590  276
187
630  278   634  279
187
667  276   671  277
187
676  270   680  271
187
387  282   395  281
187
457  281   461  280
187
551  288   554  289
187
587  285   591  285
187
673  289   677  291
187
144  295   154  290
187
151  292   154  290
187
174  293   568  220
187
187  293   194  292
187
229  293   236  292
187
231  293   236  292
187
400  292   404  292
187
563  297   567  297
187
574  295   578  295
187
631  296   635  296
187
313  305   316  304
187
331  309   335  308
187
408  307   272  144
187
627  300   631  300
187
640  305   644  306
187
660  302   664  303
187
145  310   148  308
187
383  314   386  314
187
621  310   625  311
187
648  314   652  315
187
663  311   667  312
187
180  339   185  337
187
192  335   196  333
187
224  336   227  334
187
294  335   298  334
187
89  343   93  341
187
219  358   223  356
187
249  364   251  362
187
90  375   647  38
187
262  389   265  388
10
389  42   296  76
10
280  108   46  431
10
296  148   258  185
10
227  184   209  233
10
171  267   194  323
10
48  275   98  362
10
213  271   45  374
10
431  291   397  280
10
350  357   540  47
10
453  352   425  230
