    906.097394867814e-003   -47.9592415223223e-003    25.2105722471405e+000
   -3.95001038845366e-003    831.040490066406e-003    19.9361958581659e+000
   -9.05521253880687e-006   -198.746228038703e-006    994.941189893808e-003
   
   
   
   C=[906.097394867814e-003,   -47.9592415223223e-003 ,   25.2105722471405e+000,
   -3.95001038845366e-003 ,   831.040490066406e-003 ,   19.9361958581659e+000,
   -9.05521253880687e-006 ,  -198.746228038703e-006,    994.941189893808e-003];
 D=C/C(9)
D =
    0.9107   -0.0482   25.3388
   -0.0040    0.8353   20.0376
   -0.0000   -0.0002    1.0000